,kernel,C,gamma,Accuracy
23,rbf,1.0,1.0,1.0
19,rbf,0.1,0.1,1.0
17,rbf,0.01,1.0,1.0
16,rbf,0.01,0.1,1.0
14,rbf,0.001,1.0,1.0
13,rbf,0.001,0.1,1.0
1,poly,0.001,0.1,1.0
11,poly,1.0,1.0,1.0
10,poly,1.0,0.1,1.0
9,poly,1.0,0.01,1.0
8,poly,0.1,1.0,1.0
7,poly,0.1,0.1,1.0
5,poly,0.01,1.0,1.0
4,poly,0.01,0.1,1.0
22,rbf,1.0,0.1,1.0
2,poly,0.001,1.0,1.0
20,rbf,0.1,1.0,1.0
6,poly,0.1,0.01,0.984375
21,rbf,1.0,0.01,0.984375
0,poly,0.001,0.01,0.96875
18,rbf,0.1,0.01,0.96875
15,rbf,0.01,0.01,0.96875
3,poly,0.01,0.01,0.96875
12,rbf,0.001,0.01,0.96875
