213.0,3.013638538103351e-219
214.0,5.75739258011893e-219
193.0,7.86112401291784e-216
194.0,3.2866149434458697e-215
180.0,2.0664458125680212e-203
203.0,5.754031875476826e-196
204.0,2.7254799163087477e-195
233.0,1.133342893884748e-164
234.0,3.2451405944713152e-164
23.0,2.214039295900455e-154
24.0,8.20972248308857e-154
170.0,1.4269917725520619e-152
178.0,2.7790058404355063e-143
243.0,4.268147075483049e-136
244.0,1.1370551870413353e-135
83.0,1.5827679616641387e-124
81.0,3.4901231531285654e-121
187.0,9.631581130647614e-120
189.0,4.8129612203268706e-119
179.0,8.62325701343384e-117
223.0,1.3600149775368057e-115
224.0,1.973419517353645e-115
261.0,9.595847624176545e-110
91.0,1.2347703320328633e-109
73.0,2.85846699448347e-109
184.0,4.079616418675976e-109
183.0,3.926913365819147e-107
177.0,1.1317220789186263e-103
174.0,3.0462977538382667e-103
254.0,8.517848091856687e-103
253.0,6.085678949760574e-102
173.0,7.013916418469339e-102
93.0,7.962231023599594e-102
201.0,1.5830996907689548e-100
28.0,1.7053902871305413e-100
101.0,1.1626910250865082e-97
200.0,7.589135505143308e-96
97.0,2.5645843896478933e-95
84.0,4.126474560861739e-86
90.0,6.624587398569598e-85
18.0,1.6549903436399976e-80
211.0,6.775483982851134e-80
190.0,1.0741932469036128e-79
263.0,1.3504792034614053e-78
108.0,2.4961583178020214e-78
264.0,5.145068321915234e-78
13.0,8.354218271773355e-78
14.0,9.871810059216318e-77
192.0,1.0888124676711106e-75
156.0,2.4387901618900606e-75
163.0,1.872864844248119e-72
164.0,5.222001369457991e-72
175.0,6.22581508252524e-72
262.0,2.310620692983856e-71
208.0,1.6211176740363102e-70
153.0,2.9989183759349536e-70
151.0,1.5458274909135269e-69
154.0,7.548372928999032e-69
103.0,3.315186641424998e-66
218.0,2.932730403212028e-65
2.0,8.345941115965412e-65
248.0,1.235771817362411e-63
160.0,9.940010190012017e-63
26.0,1.0517219057424105e-62
210.0,4.339238109414303e-62
99.0,2.1710607440280604e-60
74.0,6.050442439079731e-60
240.0,1.6331435525501302e-59
94.0,2.135006314313822e-59
138.0,3.776761611225979e-59
16.0,1.1860326901100894e-58
148.0,2.429809845946501e-58
176.0,4.9214909290127486e-58
134.0,5.850896068626457e-58
221.0,3.2143145501666017e-57
144.0,3.910177947667571e-57
143.0,5.77306217102669e-57
226.0,1.0181096159142716e-56
133.0,1.1778268403462402e-56
131.0,2.267269156541251e-56
198.0,1.3865512115917943e-55
22.0,3.685354996686244e-55
238.0,6.641781010657848e-55
191.0,7.226215670374274e-54
100.0,8.921519733983189e-54
114.0,4.426540787482099e-53
15.0,6.1181041573564404e-52
118.0,3.1099701160571953e-50
113.0,4.331207036091556e-50
230.0,8.618396323361527e-50
21.0,2.524146201850754e-49
55.0,3.09933723111383e-49
266.0,7.431031092879857e-47
150.0,9.9442626557016e-47
136.0,1.24659954886678e-46
228.0,5.684756734453586e-46
246.0,1.8705934199198934e-44
65.0,6.538722704904939e-43
67.0,8.49521750350032e-43
249.0,9.135613539703822e-43
124.0,1.1238500210998656e-42
206.0,1.7400309012436915e-42
269.0,1.322496280019427e-41
123.0,2.524436422620508e-41
268.0,3.9459704975787263e-41
19.0,6.291687498766159e-41
71.0,9.917815317851137e-41
20.0,1.0342385844449064e-40
167.0,4.378555319787157e-40
110.0,4.8149716464341805e-40
209.0,1.1593301320697667e-39
241.0,1.475741674181126e-39
247.0,1.9643023773559918e-39
70.0,5.8031836883762323e-39
3.0,9.120815497976494e-39
17.0,1.3847467457134439e-38
5.0,5.008914219009462e-38
251.0,7.787968762223874e-37
29.0,2.014841003943234e-36
128.0,2.0514705959844484e-36
171.0,2.4415578091827168e-36
265.0,2.5903406403964193e-36
168.0,4.61815516155229e-36
236.0,4.7535843390706106e-36
10.0,8.196717513580855e-36
120.0,1.469437354305631e-35
96.0,1.2753490220724599e-34
57.0,1.0955570366695296e-33
182.0,1.1700586776161977e-33
105.0,2.3245568130666794e-33
239.0,2.9626474712019445e-33
63.0,1.7950530471121606e-32
109.0,1.944674357457382e-32
196.0,2.133689416895281e-32
216.0,5.299069108516243e-32
80.0,5.861538194575365e-32
146.0,9.584638088940698e-32
12.0,1.0374332317233284e-31
207.0,2.3330095420549733e-31
130.0,6.531163404590744e-31
27.0,6.70290915417802e-31
235.0,6.714776521791026e-31
95.0,7.7290140202952855e-31
237.0,7.925352594678557e-31
212.0,3.1575488218905876e-30
155.0,4.784368197456795e-30
252.0,5.7401397929203725e-30
161.0,5.356655199447372e-29
260.0,8.924203443309985e-29
141.0,4.2289492756783975e-28
11.0,5.80391297580475e-28
47.0,5.909817973193037e-28
231.0,7.721401423146923e-28
119.0,1.843622466630753e-27
129.0,2.3701355330976713e-27
104.0,2.854483020504552e-27
267.0,3.413498789366526e-27
75.0,4.919408003765094e-27
37.0,5.144686776152736e-26
255.0,5.407072302507989e-26
162.0,8.902042847081935e-26
222.0,1.0588302321167964e-25
172.0,3.812306783466124e-24
188.0,8.785693782775046e-24
165.0,9.780877689268768e-24
45.0,1.0364862099240871e-23
242.0,2.0978851341817892e-23
140.0,3.05307871809419e-23
106.0,9.791892294241545e-23
219.0,1.143311585629616e-22
258.0,3.6043358762651654e-22
8.0,6.585280411443688e-22
77.0,1.2930291932629217e-21
199.0,4.723329066084977e-21
142.0,1.2304285220285365e-20
158.0,1.5172037198956574e-20
49.0,2.903695536519575e-20
245.0,3.563192270232816e-20
39.0,4.869891630327542e-20
157.0,9.437655003883685e-20
111.0,1.0015555494588647e-19
60.0,3.830473937638437e-19
107.0,6.133653623580604e-19
139.0,6.210496141488026e-19
33.0,7.079825367219562e-19
59.0,5.8191387532035966e-18
78.0,1.6885453697538596e-17
169.0,3.152018186576075e-17
149.0,6.267407141169235e-17
166.0,7.550937398039142e-17
152.0,3.4225710795744244e-16
185.0,1.4685991847099453e-15
69.0,1.8964661794839494e-15
197.0,3.059317865574685e-15
132.0,3.2557867338289176e-15
215.0,3.847814306201119e-15
98.0,4.218132022160377e-15
217.0,4.411130290166462e-15
220.0,8.335040663651986e-15
46.0,1.1338897662853804e-13
159.0,1.790378959120944e-13
31.0,1.8780360073393614e-13
34.0,3.6114480822697056e-13
79.0,9.761587588023549e-13
35.0,6.009964548163646e-12
38.0,6.215097053637801e-12
4.0,6.967777678744137e-12
30.0,1.4736126079088815e-11
145.0,2.1274560052695916e-11
53.0,4.807392401126111e-11
1.0,1.3079243880431028e-10
36.0,2.541968834544108e-10
232.0,2.92422986123774e-10
225.0,5.117800051435287e-10
56.0,5.92956241008769e-10
121.0,8.124693956901008e-10
25.0,1.3154342968770925e-09
50.0,6.06956955680156e-09
227.0,6.4940850165286146e-09
181.0,2.5107083727915092e-08
147.0,2.7413553376271477e-08
40.0,9.608059787345198e-08
51.0,1.5994815070007303e-07
64.0,4.0770662005902254e-07
102.0,5.527934045314973e-07
32.0,6.573872158113181e-07
186.0,1.681248425129496e-06
82.0,1.8854134077888433e-06
43.0,2.591380673093886e-06
58.0,2.6006629900120555e-06
229.0,2.600831743413058e-06
48.0,2.6359910807231125e-06
116.0,3.7454581364967786e-06
41.0,7.191246414736856e-06
257.0,1.781645088284833e-05
88.0,2.1500273729448383e-05
127.0,7.8889636615556e-05
7.0,0.00010739146010857952
0.0,0.0001144271805625974
85.0,0.0006122957492591506
137.0,0.0007827358324809153
68.0,0.0011796714780099853
61.0,0.0012746970551715613
76.0,0.0014591221745080092
9.0,0.0014904342271995516
195.0,0.0017123505640063987
92.0,0.003739234148058343
87.0,0.004785360840042729
122.0,0.004794484272702777
54.0,0.006768061493524572
259.0,0.009046349179251834
89.0,0.014064069838134704
44.0,0.027351406621385292
115.0,0.03430708083950225
6.0,0.03987701484805038
66.0,0.05791359769895778
112.0,0.07342979710824035
256.0,0.11139709483757855
72.0,0.11216641686410746
117.0,0.12337349481501182
205.0,0.14688365553882426
126.0,0.2115597039710905
125.0,0.3190234234319974
250.0,0.4069957929978788
86.0,0.40719377421521286
62.0,0.4320739335138626
135.0,0.584004352730455
52.0,0.7274523110731317
42.0,0.7474690944133304
202.0,0.8705929934545441
