180.0,2.984852989610919e-191
170.0,6.190517779593542e-144
83.0,4.072880746096929e-126
81.0,7.321326508118304e-122
178.0,8.550589819423558e-116
189.0,6.056993232410216e-113
261.0,2.823949347869157e-110
187.0,4.05712843589037e-110
184.0,5.919811883414507e-110
183.0,1.943055050486799e-107
73.0,7.620511914410385e-105
91.0,8.402339575813623e-105
174.0,9.79762261579425e-103
93.0,3.401657680622657e-102
173.0,1.6488261919682088e-101
97.0,8.082413720424307e-97
101.0,1.5641280075127601e-90
84.0,1.4543786448498611e-87
179.0,1.2540364803489857e-86
90.0,5.949445301032632e-86
177.0,1.0822077308720188e-76
28.0,6.768365881623173e-74
108.0,8.497675248729801e-66
103.0,1.3066298952692837e-65
160.0,3.1335743562633173e-63
99.0,1.1894174344341185e-61
94.0,1.6219400428229216e-60
74.0,1.6325553878284999e-59
13.0,1.0534030309915183e-55
176.0,1.3118574448239651e-55
14.0,2.3508225639351633e-55
100.0,4.912162648686377e-55
164.0,4.020210226928569e-54
163.0,6.798279197951666e-54
253.0,9.73974153762626e-48
254.0,1.0089944868784442e-47
262.0,1.1036318304473793e-47
71.0,3.106450208916948e-40
3.0,1.0704898601013491e-39
70.0,8.079634562777348e-39
167.0,1.716724973120115e-38
26.0,4.992918634289124e-38
55.0,8.633668686866024e-36
96.0,6.615173887904995e-35
148.0,1.237699211481074e-33
57.0,1.7194588437495592e-33
63.0,3.4649636651590486e-33
156.0,4.0772020793683825e-33
80.0,4.3906368336732636e-33
223.0,5.30396183617346e-32
224.0,6.190782780635467e-32
212.0,2.021316079099537e-31
118.0,7.809278231817918e-29
29.0,1.2135842885204239e-28
47.0,3.0366081984277105e-28
104.0,6.24670031839095e-28
37.0,4.516476250178866e-27
255.0,1.9014612609103823e-25
268.0,1.1395715739873504e-24
27.0,1.563658930266578e-24
138.0,1.6236105958829381e-24
172.0,1.7474921232396106e-24
248.0,2.0676275153978223e-24
188.0,1.8778680268129237e-23
258.0,7.952895214744057e-23
265.0,8.027026178105175e-23
200.0,1.233698527091362e-22
75.0,1.9173610598940807e-22
207.0,5.780668580373937e-22
201.0,2.8246857682026346e-21
260.0,3.1564895460012827e-21
49.0,3.2903355510044535e-21
77.0,4.354233235706064e-21
39.0,5.999324883294026e-21
128.0,3.4350509189972175e-20
136.0,5.775698134311521e-20
243.0,1.0278622590974577e-19
244.0,1.2108213558665783e-19
23.0,2.0090625928822272e-19
24.0,2.445620306672882e-19
119.0,2.7025001407974406e-19
59.0,9.038313023916987e-19
45.0,1.3154793540040575e-18
60.0,1.6919611694708682e-18
67.0,2.0851956220109516e-18
190.0,2.629969966000687e-18
269.0,3.362466387684588e-18
246.0,1.0636537814829751e-17
169.0,1.8963104690929258e-17
146.0,1.0952699688424743e-16
209.0,1.368489110845687e-16
185.0,1.4098681921333334e-16
19.0,1.4580163633738385e-16
149.0,1.7020761876438615e-16
65.0,2.635933676428567e-16
17.0,3.1128741615618974e-16
129.0,4.797976359631552e-16
18.0,2.635473975167334e-15
98.0,6.1612848307670155e-15
191.0,9.5709952145006e-15
46.0,1.1961982456738784e-14
251.0,6.188755680914673e-14
162.0,6.488244112175855e-14
171.0,6.648033266136098e-14
79.0,1.0553466194320312e-13
109.0,1.3444315761897176e-13
157.0,1.3695198425159166e-13
95.0,7.818487286233425e-13
4.0,1.141415992316785e-12
159.0,1.1500003009892819e-12
35.0,1.5271145521839757e-12
197.0,1.7110183313989817e-12
53.0,8.260193870642101e-12
267.0,3.1571648369864255e-11
161.0,3.8862395004965955e-11
196.0,6.161820725631553e-11
56.0,6.955006588868864e-11
266.0,7.55943384184965e-11
69.0,1.1605398413518755e-10
36.0,1.1839581092162926e-10
1.0,1.20563323739426e-10
12.0,1.8898529827475135e-10
199.0,2.9760190954719034e-10
193.0,3.403205090594746e-10
194.0,4.275851438242363e-10
175.0,5.034839351552287e-10
50.0,7.542845400866403e-10
105.0,1.1915023177858735e-09
139.0,1.497587850378099e-09
113.0,1.735733292740598e-09
192.0,1.7535273226523713e-09
227.0,2.0919750258217763e-09
145.0,2.34485513790714e-09
20.0,2.936256259863767e-09
181.0,3.2429877196042627e-09
147.0,4.018508904090267e-09
110.0,1.1369103469396788e-08
203.0,2.0287227248845797e-08
51.0,2.4493119586332513e-08
204.0,2.543094607194978e-08
131.0,3.056659162554879e-08
40.0,5.190067586874201e-08
21.0,5.6373401475451475e-08
64.0,6.200759088090286e-08
102.0,1.0133071305804158e-07
114.0,1.2626742185641455e-07
235.0,1.368875051227417e-07
16.0,1.5336401389304917e-07
154.0,1.6605264377969694e-07
10.0,1.950351333167891e-07
153.0,2.4960239597108713e-07
11.0,6.697475426586626e-07
228.0,8.042632323229869e-07
58.0,1.1120214369047618e-06
120.0,2.39693864179322e-06
151.0,2.7835643258856924e-06
15.0,2.877845305315746e-06
229.0,2.945240935548338e-06
245.0,3.3144844874335707e-06
22.0,3.503995000103648e-06
78.0,5.020231594144151e-06
48.0,7.534661424193382e-06
123.0,8.509289108976786e-06
249.0,9.327913575112018e-06
41.0,9.966905410140354e-06
221.0,1.9560813623388836e-05
210.0,3.115561233977e-05
111.0,4.2168537172354504e-05
263.0,4.258987678273268e-05
233.0,4.411578069515815e-05
0.0,4.78768036899085e-05
234.0,5.326091068238351e-05
241.0,6.965530414405931e-05
168.0,7.852684546111639e-05
211.0,8.632163276400355e-05
124.0,0.00013550512190311977
222.0,0.00016702084154395286
217.0,0.00019073091084836726
61.0,0.00027433667705532074
218.0,0.00027671573873695125
76.0,0.00030727126340031243
247.0,0.0003270183014660615
127.0,0.0003277474381909751
257.0,0.0005047190441292627
140.0,0.0005444492248832745
195.0,0.0005990064165989365
182.0,0.0006130021108167776
231.0,0.0006948324718198002
226.0,0.0006978405428991959
264.0,0.0008960870687715615
122.0,0.0010805701484810318
155.0,0.0011707040237563038
2.0,0.0012825689577053005
33.0,0.0015154508739087464
92.0,0.0015651236423073964
54.0,0.0016723567370379117
34.0,0.001746226454700267
232.0,0.001833170965611457
32.0,0.0024841957424100204
82.0,0.002733105228712046
116.0,0.0028128325239074065
121.0,0.0035071742276812667
219.0,0.0040101643405583975
213.0,0.004555902816806829
137.0,0.00507345107927558
214.0,0.005396831616860527
87.0,0.006180548587431655
43.0,0.008472350112077745
236.0,0.009424097191698453
165.0,0.012393295320402755
141.0,0.012414072530728128
206.0,0.015449200580079616
115.0,0.016330267580284115
66.0,0.016952872680784225
89.0,0.01877548519993656
112.0,0.022476684509556078
5.0,0.03223426127331429
186.0,0.03601131653645326
256.0,0.036132192643697686
68.0,0.036560436859286456
107.0,0.03727007791699394
88.0,0.03836637392892472
7.0,0.04240781295523715
237.0,0.045785217203602506
117.0,0.050210026694591896
166.0,0.0588850978342446
130.0,0.061825332263625715
239.0,0.06439129218220711
205.0,0.06853065912190152
132.0,0.07212630088637038
9.0,0.07499948864925399
215.0,0.08344918239593725
44.0,0.08857610798072145
25.0,0.09304826405965547
208.0,0.1016030067051394
142.0,0.1180378897493418
225.0,0.12607430110498968
125.0,0.13124535731064718
238.0,0.1348522394054934
133.0,0.15468159232950654
240.0,0.1664049122693671
216.0,0.20067816572445804
158.0,0.20693024612796
230.0,0.25082647664802377
220.0,0.2529263082652803
30.0,0.27352759593580056
6.0,0.2946317509346562
86.0,0.2970840486932504
126.0,0.32170868657388757
250.0,0.32384904293513195
134.0,0.3300564026186875
252.0,0.35561777013087725
143.0,0.38126077299932914
38.0,0.40358585675835723
150.0,0.41346745807264484
31.0,0.41479676428252077
144.0,0.5338757755277471
152.0,0.5748251930613388
242.0,0.592483588212054
106.0,0.6108380522891539
198.0,0.6264616520844759
259.0,0.6491757955474505
8.0,0.7182221313890839
52.0,0.7674109073243547
135.0,0.808556670706149
62.0,0.8212270619999368
85.0,0.8486326595148015
202.0,0.8499425205284409
42.0,0.8646344103101622
72.0,0.9462523299469032
