213.0,1.0286583936914046e-162
214.0,1.3260282585323478e-162
193.0,1.7720557437117246e-154
194.0,3.897828591737318e-154
203.0,2.11691758370036e-143
204.0,5.339405348672295e-143
110.0,2.0773321170025196e-142
133.0,6.912137317415858e-135
113.0,1.626392732514422e-133
114.0,2.2514890886356124e-130
134.0,1.0047526882438009e-129
233.0,1.698927484640567e-124
234.0,3.2465858344988274e-124
143.0,7.817512769320687e-112
23.0,2.5012318095225454e-107
24.0,4.8003290393485713e-107
120.0,7.425533283508026e-107
144.0,4.299911432869367e-106
153.0,8.7957123782598255e-103
154.0,1.3241485017263209e-99
243.0,2.965374103774336e-94
244.0,4.5263021849886553e-94
123.0,7.321019418483082e-91
124.0,2.0660887533498086e-87
8.0,7.844595975383373e-84
18.0,2.8543795135103438e-70
223.0,3.9903615612007105e-69
224.0,4.313235799678686e-69
201.0,4.845674529150741e-66
211.0,6.31468625446069e-66
138.0,1.9666951171346854e-65
210.0,5.192713767801871e-65
168.0,1.2532147692641995e-63
264.0,1.6548405119453773e-62
263.0,3.9514407863402594e-62
192.0,1.1255954892958109e-61
200.0,2.9561450276483713e-61
65.0,9.358618592159472e-61
208.0,1.9699588294784534e-59
2.0,2.5502956173047105e-59
130.0,5.355722058812976e-58
218.0,1.2269753794047306e-56
190.0,7.221394101078057e-56
151.0,1.1084121037002038e-55
131.0,1.577615588269072e-55
238.0,4.0427636741062043e-53
175.0,7.428251631834137e-53
240.0,4.9591578254038144e-52
226.0,6.113520492601268e-51
228.0,3.8547736036407114e-50
118.0,4.100073771311625e-50
254.0,3.510238548116995e-49
253.0,2.2363371119034968e-48
198.0,3.7870724264964904e-48
150.0,6.1451511718867586e-46
140.0,3.7114302786426945e-43
22.0,4.6923095408332655e-43
178.0,2.5246997476183768e-42
221.0,6.898157110690727e-40
230.0,8.901630730146891e-40
191.0,1.3442923876601716e-39
16.0,2.648702082343031e-39
129.0,1.2793340122857744e-38
148.0,4.561939839187127e-38
15.0,4.812698999717048e-38
6.0,1.2106664478341923e-36
128.0,1.4114066149646386e-36
179.0,1.6691446280820714e-36
206.0,1.300672370662681e-35
266.0,1.765809459838595e-35
249.0,2.0909282593762236e-34
247.0,9.493270391114426e-34
156.0,2.036928360717022e-33
177.0,3.936530608445214e-33
241.0,6.237379231227666e-33
248.0,2.2989031982419185e-32
216.0,6.619469274299994e-32
136.0,8.217386825232629e-32
21.0,1.6276152636719463e-31
5.0,4.1777004870818525e-31
67.0,5.646614204619369e-31
236.0,1.9925299074572533e-30
10.0,5.068944749366598e-30
166.0,1.994802683033549e-29
105.0,2.8343804054738246e-29
119.0,1.0914726395529556e-27
219.0,3.460438717904912e-27
141.0,3.712078554854316e-27
239.0,4.284718273535491e-27
95.0,2.4236909258428704e-26
13.0,4.95978868469373e-26
14.0,1.1876707082269065e-25
252.0,2.6129563992121357e-25
106.0,2.9724095310612665e-25
269.0,3.194840711976939e-25
163.0,3.475820182017311e-25
262.0,3.5957482542206872e-25
78.0,5.033131520211865e-25
237.0,5.510487610659449e-25
20.0,5.801749417338909e-25
164.0,5.91324139431924e-25
19.0,7.2399394154324105e-25
182.0,1.0060045143536603e-24
28.0,1.1438989410310088e-24
158.0,6.3112405414990064e-24
17.0,4.1435815770440134e-23
231.0,7.67412601640853e-23
155.0,7.970943572308148e-23
246.0,1.4552817354284526e-22
242.0,1.6908217426753995e-22
209.0,5.085604424355882e-22
196.0,5.903123010039108e-22
235.0,1.3971518002117202e-21
251.0,1.8640819580239743e-21
60.0,1.9932631698043484e-21
222.0,2.7350635791260744e-21
26.0,3.038411896495071e-21
109.0,3.636661430215717e-21
12.0,1.2428226896645396e-20
146.0,7.618991238521402e-20
88.0,1.2911631391581599e-19
69.0,2.409980185361527e-19
38.0,3.696809880958066e-19
171.0,8.090718766996019e-19
142.0,1.289953633582539e-18
107.0,1.358735770868961e-18
55.0,1.3775684825362033e-18
267.0,8.16788765236789e-18
161.0,1.086395509526906e-17
165.0,1.2149813502001618e-17
268.0,1.6284041427813903e-17
11.0,5.780452756631963e-17
68.0,7.69822526381631e-17
139.0,1.2775726876495126e-16
111.0,2.528771667602803e-16
108.0,3.0091963641636217e-16
217.0,4.1541705151691285e-16
245.0,7.048124776011213e-16
152.0,1.103822621265452e-15
265.0,3.5020829300035623e-15
180.0,4.039717449292347e-15
101.0,6.860100590508403e-15
132.0,1.6615242109258868e-14
215.0,2.684865633315858e-14
45.0,5.0212534024294574e-14
9.0,7.006345585128224e-14
170.0,2.8130428863245e-13
70.0,3.379831706060819e-13
33.0,3.61629064795389e-13
31.0,7.179327071874582e-13
71.0,9.655510478739845e-13
199.0,1.3417377504755776e-12
162.0,5.4622107555806415e-12
187.0,6.179576801144572e-12
30.0,8.62460472522821e-12
220.0,1.471651305385808e-11
74.0,2.2943216736161993e-11
75.0,2.4260648961095e-11
91.0,1.0454493353050048e-10
73.0,1.3193263628144303e-10
207.0,1.559248498918968e-10
82.0,2.335259833739833e-10
85.0,3.2157108576791346e-10
260.0,4.074086667589408e-10
48.0,6.129817432170122e-10
225.0,1.241611561568941e-09
34.0,6.898042072073734e-09
121.0,8.053302342022434e-09
232.0,1.1978181115971871e-08
189.0,1.378177606493639e-08
1.0,1.5224377312165925e-08
29.0,4.701316533860367e-08
43.0,5.551594784461081e-08
7.0,7.550954669399669e-08
25.0,7.576086697157664e-08
157.0,2.722781189517264e-07
44.0,3.003784431294074e-07
27.0,5.837222803750766e-07
41.0,1.8403142431671252e-06
58.0,1.864082920355781e-06
77.0,1.9620734835610406e-06
0.0,4.902153439450468e-06
32.0,6.416276933792513e-06
86.0,6.797061401356676e-06
167.0,8.52213346460638e-06
104.0,1.21947975702745e-05
89.0,5.3971554893640004e-05
197.0,6.270383129035689e-05
186.0,7.13330762634608e-05
103.0,9.016051093741147e-05
176.0,0.00013278549546884793
63.0,0.00014997897418596355
96.0,0.00018687004253678982
145.0,0.00023810678067668473
116.0,0.00025677462247635706
40.0,0.0003133858094164933
57.0,0.0004776253742301366
64.0,0.0006120351677137833
149.0,0.0016803761152045982
36.0,0.002765402231769887
61.0,0.0030594500140874287
4.0,0.0033077594719025443
160.0,0.00343527739472351
47.0,0.004692770536365835
93.0,0.005208284041997666
127.0,0.005322710190462357
174.0,0.005506822435192628
169.0,0.005525346503993281
137.0,0.006321134177099585
257.0,0.006392478486608427
92.0,0.006596535912046441
259.0,0.007347966215515803
81.0,0.007401958203757863
98.0,0.00783316462147009
173.0,0.0079274317464035
90.0,0.007967466675061683
255.0,0.00871286272385681
87.0,0.009709887521036673
188.0,0.010933740899875987
54.0,0.011351339865502493
159.0,0.01198092894879554
59.0,0.014440434528915577
94.0,0.01879011964076805
72.0,0.025041288184652746
183.0,0.037208395722722054
261.0,0.040515932701464266
53.0,0.048523780496448086
51.0,0.05019735733841513
80.0,0.062555336466917
3.0,0.0713718584129085
172.0,0.07890786482035973
35.0,0.08949855614510947
229.0,0.09733591729697705
126.0,0.10488429671041297
184.0,0.10974259018680028
49.0,0.12411945387661477
76.0,0.14695378190067326
62.0,0.1576037285196092
102.0,0.1636999737305143
258.0,0.17945769542676077
39.0,0.2121464474224701
227.0,0.24581532729034297
46.0,0.25566065443000596
99.0,0.28278493293867474
135.0,0.3311532006919756
100.0,0.3375063179860254
195.0,0.3451982380466103
115.0,0.35756288130704694
37.0,0.38557883192956377
250.0,0.4263954344893769
79.0,0.42919224097565
42.0,0.42965329602797075
205.0,0.469783572342511
84.0,0.4992873446063134
52.0,0.5179376018995034
117.0,0.5216812726094515
147.0,0.5710081495923593
202.0,0.638015679180471
66.0,0.7682243203438354
97.0,0.7734790688256374
185.0,0.7778255071027507
83.0,0.7830544669400832
112.0,0.8939190640824551
125.0,0.9185683645829611
212.0,0.9214426035215352
50.0,0.932046247472466
122.0,0.9369082509055897
256.0,0.9648864410595465
56.0,0.9731784193452512
181.0,0.9810132604834259
